0.649
1	 0.698
2	 0.761
3	 0.771
4	 0.754
5	 0.726
6	 0.706
7	 0.661
8	 0.635
9	 0.590
10	 0.605
11	 0.625
12	 0.619
13	 0.613
14	 0.596
15	 0.616
16	 0.632
17	 0.635
18	 0.632
19	 0.657
20	 0.679
21	 0.691
22	 0.695
23	 0.696
24	 0.685
25	 0.671
26	 0.658
27	 0.651
28	 0.646
29	 0.640
30	 0.613
31	 0.611
32	 0.597
33	 0.603
34	 0.630
35	 0.625
36	 0.601
37	 0.606
38	 0.633
39	 0.646
40	 0.647
41	 0.639
42	 0.621
43	 0.599
44	 0.618
45	 0.626
46	 0.619
47	 0.617
48	 0.623
49	 0.609
50	 0.621
51	 0.623
52	 0.621
53	 0.605
54	 0.593
55	 0.594
56	 0.591
57	 0.583
58	 0.549
59	 0.565
60	 0.613
61	 0.638
62	 0.644
63	 0.657
64	 0.676
65	 0.698
66	 0.730
67	 0.766
68	 0.777
69	 0.772
70	 0.734
71	 0.669
72	 0.654
73	 0.650
74	 0.644
75	 0.652
76	 0.673
77	 0.682
78	 0.688
79	 0.685
80	 0.667
81	 0.660
82	 0.649
83	 0.648
84	 0.653
85	 0.633
86	 0.597
87	 0.596
88	 0.619
89	 0.654
90	 0.669
91	 0.664
92	 0.670
93	 0.690
94	 0.702
