0.620
1	 0.694
2	 0.735
3	 0.730
4	 0.743
5	 0.735
6	 0.697
7	 0.684
8	 0.653
9	 0.617
10	 0.603
11	 0.609
12	 0.604
13	 0.575
14	 0.552
15	 0.536
16	 0.503
17	 0.500
18	 0.518
19	 0.575
20	 0.631
21	 0.654
22	 0.657
23	 0.652
24	 0.623
25	 0.582
26	 0.596
27	 0.600
28	 0.572
29	 0.520
30	 0.498
31	 0.558
32	 0.585
33	 0.613
34	 0.612
35	 0.609
36	 0.579
37	 0.570
38	 0.635
39	 0.667
40	 0.680
41	 0.662
42	 0.637
43	 0.641
44	 0.637
45	 0.601
46	 0.571
47	 0.560
48	 0.547
49	 0.528
50	 0.532
51	 0.565
52	 0.583
53	 0.575
54	 0.574
55	 0.583
56	 0.587
57	 0.539
58	 0.529
59	 0.536
60	 0.560
61	 0.585
62	 0.590
63	 0.581
64	 0.608
65	 0.637
66	 0.656
67	 0.683
68	 0.715
69	 0.750
70	 0.763
71	 0.729
72	 0.644
73	 0.567
74	 0.552
75	 0.594
76	 0.618
77	 0.637
78	 0.663
79	 0.657
80	 0.641
81	 0.644
82	 0.635
83	 0.603
84	 0.600
85	 0.622
86	 0.620
87	 0.669
88	 0.709
89	 0.706
90	 0.722
91	 0.709
92	 0.712
93	 0.667
94	 0.667
