0.711
1	 0.770
2	 0.828
3	 0.841
4	 0.840
5	 0.840
6	 0.838
7	 0.815
8	 0.793
9	 0.766
10	 0.762
11	 0.760
12	 0.738
13	 0.697
14	 0.696
15	 0.705
16	 0.697
17	 0.675
18	 0.652
19	 0.702
20	 0.733
21	 0.732
22	 0.734
23	 0.717
24	 0.714
25	 0.732
26	 0.752
27	 0.736
28	 0.689
29	 0.646
30	 0.694
31	 0.714
32	 0.726
33	 0.747
34	 0.743
35	 0.744
36	 0.740
37	 0.714
38	 0.701
39	 0.728
40	 0.748
41	 0.753
42	 0.742
43	 0.716
44	 0.696
45	 0.678
46	 0.670
47	 0.664
48	 0.652
49	 0.675
50	 0.669
51	 0.679
52	 0.655
53	 0.646
54	 0.633
55	 0.612
56	 0.590
57	 0.527
58	 0.500
59	 0.510
60	 0.527
61	 0.610
62	 0.659
63	 0.678
64	 0.726
65	 0.744
66	 0.755
67	 0.789
68	 0.813
69	 0.811
70	 0.788
71	 0.735
72	 0.707
73	 0.684
74	 0.642
75	 0.668
76	 0.687
77	 0.715
78	 0.755
79	 0.783
80	 0.775
81	 0.764
82	 0.749
83	 0.728
84	 0.711
85	 0.695
86	 0.685
87	 0.638
88	 0.628
89	 0.639
90	 0.651
91	 0.692
92	 0.745
93	 0.797
94	 0.815
